100 30
0	0
0.344828	0
0.689655	0
1.03448	0
1.37931	0
1.72414	0
2.06897	0
2.41379	0
2.75862	0
3.10345	0
3.44828	0
3.7931	0
4.13793	0
4.48276	0
4.82759	0
5.17241	0
5.51724	0
5.86207	0
6.2069	0
6.55172	0
6.89655	0
7.24138	0
7.58621	0
7.93103	0
8.27586	0
8.62069	0
8.96552	0
9.31034	0
9.65517	0
10	0
10.3576	-0.0333342
10.7243	-0.0675095
11.1002	-0.102548
11.4856	-0.138472
11.8808	-0.175303
12.2859	-0.213066
12.7013	-0.251781
13.1271	-0.291472
13.5637	-0.332162
14.0112	-0.373873
14.4699	-0.416629
14.9401	-0.460452
15.4219	-0.505365
15.9157	-0.55139
16.4217	-0.59855
16.9401	-0.646866
17.4711	-0.69636
18.015	-0.747053
18.5719	-0.798966
19.1422	-0.852119
19.726	-0.906531
20.3235	-0.962222
20.9349	-1.01921
21.5603	-1.07751
22.2001	-1.13714
22.8543	-1.19811
23.5231	-1.26045
24.2065	-1.32415
24.9049	-1.38924
25.6181	-1.45573
26.3465	-1.52361
27.0899	-1.59291
27.8486	-1.66362
28.6224	-1.73575
29.4115	-1.8093
30.2159	-1.88427
31.0355	-1.96066
31.8702	-2.03847
32.7201	-2.11768
33.585	-2.1983
34.4649	-2.2803
35.3595	-2.36369
36.2687	-2.44843
37.1923	-2.53452
38.1301	-2.62193
39.0819	-2.71064
40.0473	-2.80063
41.0261	-2.89186
42.0179	-2.98431
43.0225	-3.07794
44.0393	-3.17271
45.068	-3.26859
46.1082	-3.36554
47.1593	-3.46352
48.2209	-3.56247
49.2925	-3.66235
50.3735	-3.7631
51.4634	-3.86469
52.5615	-3.96704
53.6673	-4.07011
54.7801	-4.17383
55.8993	-4.27815
57.0242	-4.383
58.1541	-4.48832
59.2884	-4.59404
60.4263	-4.7001
61.5672	-4.80644
62.7102	-4.91298
63.8548	-5.01966
65	-5.1264
0	0.831054
0.344828	0.831054
0.689655	0.831054
1.03448	0.831054
1.37931	0.831054
1.72414	0.831054
2.06897	0.831054
2.41379	0.831054
2.75862	0.831054
3.10345	0.831054
3.44828	0.831054
3.7931	0.831054
4.13793	0.831054
4.48276	0.831054
4.82759	0.831054
5.17241	0.831054
5.51724	0.831054
5.86207	0.831054
6.2069	0.831054
6.55172	0.831054
6.89655	0.831054
7.24138	0.831054
7.58621	0.831054
7.93103	0.831054
8.27586	0.831054
8.62069	0.831054
8.96552	0.831054
9.31034	0.831054
9.65517	0.831054
10	0.831054
10.3576	0.798413
10.7243	0.764947
11.1002	0.730637
11.4856	0.695459
11.8808	0.659393
12.2859	0.622415
12.7013	0.584504
13.1271	0.545638
13.5637	0.505794
14.0112	0.464949
14.4699	0.423081
14.9401	0.380168
15.4219	0.336189
15.9157	0.29112
16.4217	0.24494
16.9401	0.197628
17.4711	0.149162
18.015	0.099522
18.5719	0.0486876
19.1422	-0.00336095
19.726	-0.0566428
20.3235	-0.111176
20.9349	-0.166979
21.5603	-0.224068
22.2001	-0.282459
22.8543	-0.342167
23.5231	-0.403206
24.2065	-0.465588
24.9049	-0.529325
25.6181	-0.594427
26.3465	-0.660902
27.0899	-0.728757
27.8486	-0.797999
28.6224	-0.86863
29.4115	-0.940652
30.2159	-1.01407
31.0355	-1.08887
31.8702	-1.16506
32.7201	-1.24263
33.585	-1.32157
34.4649	-1.40187
35.3595	-1.48352
36.2687	-1.56651
37.1923	-1.65081
38.1301	-1.7364
39.0819	-1.82327
40.0473	-1.91139
41.0261	-2.00072
42.0179	-2.09125
43.0225	-2.18293
44.0393	-2.27574
45.068	-2.36963
46.1082	-2.46457
47.1593	-2.5605
48.2209	-2.6574
49.2925	-2.7552
50.3735	-2.85387
51.4634	-2.95334
52.5615	-3.05357
53.6673	-3.15449
54.7801	-3.25606
55.8993	-3.35821
57.0242	-3.46088
58.1541	-3.56401
59.2884	-3.66754
60.4263	-3.7714
61.5672	-3.87552
62.7102	-3.97985
63.8548	-4.08431
65	-4.18884
0	1.72144
0.344828	1.72144
0.689655	1.72144
1.03448	1.72144
1.37931	1.72144
1.72414	1.72144
2.06897	1.72144
2.41379	1.72144
2.75862	1.72144
3.10345	1.72144
3.44828	1.72144
3.7931	1.72144
4.13793	1.72144
4.48276	1.72144
4.82759	1.72144
5.17241	1.72144
5.51724	1.72144
5.86207	1.72144
6.2069	1.72144
6.55172	1.72144
6.89655	1.72144
7.24138	1.72144
7.58621	1.72144
7.93103	1.72144
8.27586	1.72144
8.62069	1.72144
8.96552	1.72144
9.31034	1.72144
9.65517	1.72144
10	1.72144
10.3576	1.68955
10.7243	1.65684
11.1002	1.62331
11.4856	1.58893
11.8808	1.55369
12.2859	1.51755
12.7013	1.4805
13.1271	1.44252
13.5637	1.40358
14.0112	1.36366
14.4699	1.32275
14.9401	1.28081
15.4219	1.23783
15.9157	1.19378
16.4217	1.14865
16.9401	1.10242
17.4711	1.05505
18.015	1.00654
18.5719	0.956863
19.1422	0.905998
19.726	0.853927
20.3235	0.800633
20.9349	0.746099
21.5603	0.690308
22.2001	0.633244
22.8543	0.574893
23.5231	0.515242
24.2065	0.454278
24.9049	0.39199
25.6181	0.328368
26.3465	0.263404
27.0899	0.197091
27.8486	0.129424
28.6224	0.0603984
29.4115	-0.00998692
30.2159	-0.0817323
31.0355	-0.154836
31.8702	-0.229294
32.7201	-0.3051
33.585	-0.382246
34.4649	-0.460723
35.3595	-0.540518
36.2687	-0.621615
37.1923	-0.703998
38.1301	-0.787647
39.0819	-0.87254
40.0473	-0.958653
41.0261	-1.04596
42.0179	-1.13443
43.0225	-1.22403
44.0393	-1.31472
45.068	-1.40648
46.1082	-1.49926
47.1593	-1.59302
48.2209	-1.68771
49.2925	-1.78329
50.3735	-1.87971
51.4634	-1.97692
52.5615	-2.07487
53.6673	-2.1735
54.7801	-2.27276
55.8993	-2.37259
57.0242	-2.47293
58.1541	-2.57371
59.2884	-2.67489
60.4263	-2.77638
61.5672	-2.87814
62.7102	-2.9801
63.8548	-3.08218
65	-3.18434
0	2.67541
0.344828	2.67541
0.689655	2.67541
1.03448	2.67541
1.37931	2.67541
1.72414	2.67541
2.06897	2.67541
2.41379	2.67541
2.75862	2.67541
3.10345	2.67541
3.44828	2.67541
3.7931	2.67541
4.13793	2.67541
4.48276	2.67541
4.82759	2.67541
5.17241	2.67541
5.51724	2.67541
5.86207	2.67541
6.2069	2.67541
6.55172	2.67541
6.89655	2.67541
7.24138	2.67541
7.58621	2.67541
7.93103	2.67541
8.27586	2.67541
8.62069	2.67541
8.96552	2.67541
9.31034	2.67541
9.65517	2.67541
10	2.67541
10.3576	2.6443
10.7243	2.61241
11.1002	2.57972
11.4856	2.5462
11.8808	2.51183
12.2859	2.47659
12.7013	2.44047
13.1271	2.40343
13.5637	2.36546
14.0112	2.32654
14.4699	2.28665
14.9401	2.24575
15.4219	2.20385
15.9157	2.1609
16.4217	2.11689
16.9401	2.07181
17.4711	2.02563
18.015	1.97832
18.5719	1.92988
19.1422	1.88028
19.726	1.82951
20.3235	1.77755
20.9349	1.72437
21.5603	1.66997
22.2001	1.61433
22.8543	1.55743
23.5231	1.49927
24.2065	1.43982
24.9049	1.37909
25.6181	1.31705
26.3465	1.25371
27.0899	1.18904
27.8486	1.12306
28.6224	1.05576
29.4115	0.987127
30.2159	0.91717
31.0355	0.845888
31.8702	0.773286
32.7201	0.699369
33.585	0.624145
34.4649	0.547624
35.3595	0.469818
36.2687	0.390742
37.1923	0.310412
38.1301	0.228848
39.0819	0.14607
40.0473	0.0621031
41.0261	-0.0230266
42.0179	-0.109291
43.0225	-0.196658
44.0393	-0.285094
45.068	-0.374565
46.1082	-0.46503
47.1593	-0.55645
48.2209	-0.648782
49.2925	-0.741981
50.3735	-0.835999
51.4634	-0.930788
52.5615	-1.0263
53.6673	-1.12247
54.7801	-1.21925
55.8993	-1.31659
57.0242	-1.41443
58.1541	-1.51271
59.2884	-1.61136
60.4263	-1.71033
61.5672	-1.80955
62.7102	-1.90896
63.8548	-2.00851
65	-2.10811
0	3.69749
0.344828	3.69749
0.689655	3.69749
1.03448	3.69749
1.37931	3.69749
1.72414	3.69749
2.06897	3.69749
2.41379	3.69749
2.75862	3.69749
3.10345	3.69749
3.44828	3.69749
3.7931	3.69749
4.13793	3.69749
4.48276	3.69749
4.82759	3.69749
5.17241	3.69749
5.51724	3.69749
5.86207	3.69749
6.2069	3.69749
6.55172	3.69749
6.89655	3.69749
7.24138	3.69749
7.58621	3.69749
7.93103	3.69749
8.27586	3.69749
8.62069	3.69749
8.96552	3.69749
9.31034	3.69749
9.65517	3.69749
10	3.69749
10.3576	3.66723
10.7243	3.63622
11.1002	3.60442
11.4856	3.57181
11.8808	3.53839
12.2859	3.50412
12.7013	3.46898
13.1271	3.43296
13.5637	3.39603
14.0112	3.35817
14.4699	3.31937
14.9401	3.2796
15.4219	3.23883
15.9157	3.19706
16.4217	3.15426
16.9401	3.11041
17.4711	3.06549
18.015	3.01949
18.5719	2.97237
19.1422	2.92413
19.726	2.87475
20.3235	2.82421
20.9349	2.77249
21.5603	2.71958
22.2001	2.66546
22.8543	2.61012
23.5231	2.55355
24.2065	2.49573
24.9049	2.43666
25.6181	2.37632
26.3465	2.31471
27.0899	2.25182
27.8486	2.18765
28.6224	2.12219
29.4115	2.05543
30.2159	1.98739
31.0355	1.91806
31.8702	1.84745
32.7201	1.77556
33.585	1.70239
34.4649	1.62797
35.3595	1.55229
36.2687	1.47538
37.1923	1.39725
38.1301	1.31792
39.0819	1.23741
40.0473	1.15574
41.0261	1.07294
42.0179	0.989041
43.0225	0.904066
44.0393	0.818051
45.068	0.731031
46.1082	0.643042
47.1593	0.554126
48.2209	0.464322
49.2925	0.373675
50.3735	0.282232
51.4634	0.190039
52.5615	0.0971464
53.6673	0.00360636
54.7801	-0.0905283
55.8993	-0.185203
57.0242	-0.280361
58.1541	-0.375944
59.2884	-0.471895
60.4263	-0.568154
61.5672	-0.66466
62.7102	-0.761352
63.8548	-0.858168
65	-0.955046
0	4.79254
0.344828	4.79254
0.689655	4.79254
1.03448	4.79254
1.37931	4.79254
1.72414	4.79254
2.06897	4.79254
2.41379	4.79254
2.75862	4.79254
3.10345	4.79254
3.44828	4.79254
3.7931	4.79254
4.13793	4.79254
4.48276	4.79254
4.82759	4.79254
5.17241	4.79254
5.51724	4.79254
5.86207	4.79254
6.2069	4.79254
6.55172	4.79254
6.89655	4.79254
7.24138	4.79254
7.58621	4.79254
7.93103	4.79254
8.27586	4.79254
8.62069	4.79254
8.96552	4.79254
9.31034	4.79254
9.65517	4.79254
10	4.79254
10.3576	4.7632
10.7243	4.73312
11.1002	4.70228
11.4856	4.67066
11.8808	4.63824
12.2859	4.605
12.7013	4.57092
13.1271	4.53599
13.5637	4.50017
14.0112	4.46346
14.4699	4.42583
14.9401	4.38725
15.4219	4.34772
15.9157	4.30721
16.4217	4.2657
16.9401	4.22317
17.4711	4.17961
18.015	4.13499
18.5719	4.0893
19.1422	4.04251
19.726	3.99462
20.3235	3.9456
20.9349	3.89544
21.5603	3.84413
22.2001	3.79164
22.8543	3.73797
23.5231	3.68311
24.2065	3.62704
24.9049	3.56974
25.6181	3.51123
26.3465	3.45148
27.0899	3.39048
27.8486	3.32824
28.6224	3.26476
29.4115	3.20002
30.2159	3.13403
31.0355	3.06679
31.8702	2.99831
32.7201	2.92858
33.585	2.85763
34.4649	2.78544
35.3595	2.71205
36.2687	2.63746
37.1923	2.56169
38.1301	2.48475
39.0819	2.40667
40.0473	2.32746
41.0261	2.24716
42.0179	2.16579
43.0225	2.08338
44.0393	1.99996
45.068	1.91556
46.1082	1.83023
47.1593	1.744
48.2209	1.6569
49.2925	1.56899
50.3735	1.4803
51.4634	1.39089
52.5615	1.3008
53.6673	1.21008
54.7801	1.11879
55.8993	1.02697
57.0242	0.934682
58.1541	0.841981
59.2884	0.748924
60.4263	0.655569
61.5672	0.561974
62.7102	0.468199
63.8548	0.374304
65	0.280348
0	5.96578
0.344828	5.96578
0.689655	5.96578
1.03448	5.96578
1.37931	5.96578
1.72414	5.96578
2.06897	5.96578
2.41379	5.96578
2.75862	5.96578
3.10345	5.96578
3.44828	5.96578
3.7931	5.96578
4.13793	5.96578
4.48276	5.96578
4.82759	5.96578
5.17241	5.96578
5.51724	5.96578
5.86207	5.96578
6.2069	5.96578
6.55172	5.96578
6.89655	5.96578
7.24138	5.96578
7.58621	5.96578
7.93103	5.96578
8.27586	5.96578
8.62069	5.96578
8.96552	5.96578
9.31034	5.96578
9.65517	5.96578
10	5.96578
10.3576	5.93741
10.7243	5.90833
11.1002	5.87852
11.4856	5.84796
11.8808	5.81662
12.2859	5.78449
12.7013	5.75155
13.1271	5.71777
13.5637	5.68315
14.0112	5.64766
14.4699	5.61128
14.9401	5.574
15.4219	5.53578
15.9157	5.49662
16.4217	5.4565
16.9401	5.41539
17.4711	5.37327
18.015	5.33014
18.5719	5.28597
19.1422	5.24074
19.726	5.19445
20.3235	5.14706
20.9349	5.09858
21.5603	5.04897
22.2001	4.99823
22.8543	4.94635
23.5231	4.89332
24.2065	4.83911
24.9049	4.78373
25.6181	4.72716
26.3465	4.6694
27.0899	4.61044
27.8486	4.55028
28.6224	4.48891
29.4115	4.42632
30.2159	4.36253
31.0355	4.29754
31.8702	4.23133
32.7201	4.16393
33.585	4.09534
34.4649	4.02557
35.3595	3.95462
36.2687	3.88251
37.1923	3.80927
38.1301	3.73489
39.0819	3.65941
40.0473	3.58285
41.0261	3.50522
42.0179	3.42656
43.0225	3.3469
44.0393	3.26626
45.068	3.18467
46.1082	3.10218
47.1593	3.01882
48.2209	2.93463
49.2925	2.84965
50.3735	2.76392
51.4634	2.67748
52.5615	2.5904
53.6673	2.5027
54.7801	2.41445
55.8993	2.32569
57.0242	2.23648
58.1541	2.14687
59.2884	2.05691
60.4263	1.96667
61.5672	1.87619
62.7102	1.78554
63.8548	1.69477
65	1.60395
0	7.22278
0.344828	7.22278
0.689655	7.22278
1.03448	7.22278
1.37931	7.22278
1.72414	7.22278
2.06897	7.22278
2.41379	7.22278
2.75862	7.22278
3.10345	7.22278
3.44828	7.22278
3.7931	7.22278
4.13793	7.22278
4.48276	7.22278
4.82759	7.22278
5.17241	7.22278
5.51724	7.22278
5.86207	7.22278
6.2069	7.22278
6.55172	7.22278
6.89655	7.22278
7.24138	7.22278
7.58621	7.22278
7.93103	7.22278
8.27586	7.22278
8.62069	7.22278
8.96552	7.22278
9.31034	7.22278
9.65517	7.22278
10	7.22278
10.3576	7.19547
10.7243	7.16746
11.1002	7.13875
11.4856	7.10931
11.8808	7.07913
12.2859	7.04819
12.7013	7.01646
13.1271	6.98394
13.5637	6.9506
14.0112	6.91642
14.4699	6.88138
14.9401	6.84547
15.4219	6.80867
15.9157	6.77096
16.4217	6.73231
16.9401	6.69272
17.4711	6.65216
18.015	6.61062
18.5719	6.56808
19.1422	6.52453
19.726	6.47994
20.3235	6.43431
20.9349	6.38761
21.5603	6.33984
22.2001	6.29098
22.8543	6.24101
23.5231	6.18993
24.2065	6.13773
24.9049	6.08439
25.6181	6.02992
26.3465	5.97429
27.0899	5.91751
27.8486	5.85956
28.6224	5.80046
29.4115	5.74019
30.2159	5.67875
31.0355	5.61616
31.8702	5.5524
32.7201	5.48749
33.585	5.42143
34.4649	5.35423
35.3595	5.2859
36.2687	5.21646
37.1923	5.14592
38.1301	5.07429
39.0819	5.0016
40.0473	4.92786
41.0261	4.8531
42.0179	4.77735
43.0225	4.70063
44.0393	4.62297
45.068	4.5444
46.1082	4.46495
47.1593	4.38467
48.2209	4.30359
49.2925	4.22174
50.3735	4.13918
51.4634	4.05594
52.5615	3.97207
53.6673	3.88761
54.7801	3.80262
55.8993	3.71714
57.0242	3.63122
58.1541	3.54492
59.2884	3.45828
60.4263	3.37137
61.5672	3.28424
62.7102	3.19694
63.8548	3.10952
65	3.02205
0	8.56954
0.344828	8.56954
0.689655	8.56954
1.03448	8.56954
1.37931	8.56954
1.72414	8.56954
2.06897	8.56954
2.41379	8.56954
2.75862	8.56954
3.10345	8.56954
3.44828	8.56954
3.7931	8.56954
4.13793	8.56954
4.48276	8.56954
4.82759	8.56954
5.17241	8.56954
5.51724	8.56954
5.86207	8.56954
6.2069	8.56954
6.55172	8.56954
6.89655	8.56954
7.24138	8.56954
7.58621	8.56954
7.93103	8.56954
8.27586	8.56954
8.62069	8.56954
8.96552	8.56954
9.31034	8.56954
9.65517	8.56954
10	8.56954
10.3576	8.54334
10.7243	8.51649
11.1002	8.48896
11.4856	8.46073
11.8808	8.43179
12.2859	8.40212
12.7013	8.3717
13.1271	8.34051
13.5637	8.30854
14.0112	8.27576
14.4699	8.24217
14.9401	8.20773
15.4219	8.17244
15.9157	8.13628
16.4217	8.09922
16.9401	8.06125
17.4711	8.02236
18.015	7.98253
18.5719	7.94174
19.1422	7.89997
19.726	7.85722
20.3235	7.81346
20.9349	7.76868
21.5603	7.72287
22.2001	7.67602
22.8543	7.6281
23.5231	7.57913
24.2065	7.52907
24.9049	7.47792
25.6181	7.42568
26.3465	7.37234
27.0899	7.31789
27.8486	7.26233
28.6224	7.20565
29.4115	7.14786
30.2159	7.08895
31.0355	7.02893
31.8702	6.96779
32.7201	6.90554
33.585	6.8422
34.4649	6.77776
35.3595	6.71224
36.2687	6.64565
37.1923	6.57801
38.1301	6.50932
39.0819	6.43962
40.0473	6.36891
41.0261	6.29723
42.0179	6.22458
43.0225	6.15101
44.0393	6.07654
45.068	6.0012
46.1082	5.92502
47.1593	5.84804
48.2209	5.77029
49.2925	5.69181
50.3735	5.61263
51.4634	5.53281
52.5615	5.45239
53.6673	5.3714
54.7801	5.2899
55.8993	5.20793
57.0242	5.12555
58.1541	5.04279
59.2884	4.95972
60.4263	4.87638
61.5672	4.79282
62.7102	4.70911
63.8548	4.62528
65	4.54141
0	10.0124
0.344828	10.0124
0.689655	10.0124
1.03448	10.0124
1.37931	10.0124
1.72414	10.0124
2.06897	10.0124
2.41379	10.0124
2.75862	10.0124
3.10345	10.0124
3.44828	10.0124
3.7931	10.0124
4.13793	10.0124
4.48276	10.0124
4.82759	10.0124
5.17241	10.0124
5.51724	10.0124
5.86207	10.0124
6.2069	10.0124
6.55172	10.0124
6.89655	10.0124
7.24138	10.0124
7.58621	10.0124
7.93103	10.0124
8.27586	10.0124
8.62069	10.0124
8.96552	10.0124
9.31034	10.0124
9.65517	10.0124
10	10.0124
10.3576	9.98746
10.7243	9.96184
11.1002	9.93557
11.4856	9.90864
11.8808	9.88103
12.2859	9.85272
12.7013	9.82369
13.1271	9.79394
13.5637	9.76343
14.0112	9.73216
14.4699	9.70011
14.9401	9.66725
15.4219	9.63358
15.9157	9.59908
16.4217	9.56372
16.9401	9.5275
17.4711	9.4904
18.015	9.45239
18.5719	9.41347
19.1422	9.37363
19.726	9.33283
20.3235	9.29108
20.9349	9.24836
21.5603	9.20465
22.2001	9.15995
22.8543	9.11424
23.5231	9.06751
24.2065	9.01975
24.9049	8.97095
25.6181	8.92111
26.3465	8.87022
27.0899	8.81827
27.8486	8.76525
28.6224	8.71118
29.4115	8.65604
30.2159	8.59983
31.0355	8.54256
31.8702	8.48423
32.7201	8.42485
33.585	8.36441
34.4649	8.30293
35.3595	8.24042
36.2687	8.17689
37.1923	8.11235
38.1301	8.04682
39.0819	7.98031
40.0473	7.91285
41.0261	7.84446
42.0179	7.77515
43.0225	7.70496
44.0393	7.6339
45.068	7.56202
46.1082	7.48934
47.1593	7.41589
48.2209	7.34171
49.2925	7.26683
50.3735	7.19129
51.4634	7.11514
52.5615	7.0384
53.6673	6.96114
54.7801	6.88338
55.8993	6.80517
57.0242	6.72657
58.1541	6.64761
59.2884	6.56835
60.4263	6.48883
61.5672	6.40912
62.7102	6.32924
63.8548	6.24927
65	6.16924
0	11.5584
0.344828	11.5584
0.689655	11.5584
1.03448	11.5584
1.37931	11.5584
1.72414	11.5584
2.06897	11.5584
2.41379	11.5584
2.75862	11.5584
3.10345	11.5584
3.44828	11.5584
3.7931	11.5584
4.13793	11.5584
4.48276	11.5584
4.82759	11.5584
5.17241	11.5584
5.51724	11.5584
5.86207	11.5584
6.2069	11.5584
6.55172	11.5584
6.89655	11.5584
7.24138	11.5584
7.58621	11.5584
7.93103	11.5584
8.27586	11.5584
8.62069	11.5584
8.96552	11.5584
9.31034	11.5584
9.65517	11.5584
10	11.5584
10.3576	11.5347
10.7243	11.5104
11.1002	11.4855
11.4856	11.4599
11.8808	11.4337
12.2859	11.4069
12.7013	11.3794
13.1271	11.3511
13.5637	11.3222
14.0112	11.2925
14.4699	11.2621
14.9401	11.231
15.4219	11.1991
15.9157	11.1663
16.4217	11.1328
16.9401	11.0984
17.4711	11.0632
18.015	11.0272
18.5719	10.9903
19.1422	10.9525
19.726	10.9138
20.3235	10.8742
20.9349	10.8337
21.5603	10.7922
22.2001	10.7498
22.8543	10.7065
23.5231	10.6622
24.2065	10.6169
24.9049	10.5706
25.6181	10.5233
26.3465	10.475
27.0899	10.4258
27.8486	10.3755
28.6224	10.3242
29.4115	10.2719
30.2159	10.2186
31.0355	10.1643
31.8702	10.109
32.7201	10.0526
33.585	9.99531
34.4649	9.937
35.3595	9.87771
36.2687	9.81745
37.1923	9.75624
38.1301	9.69409
39.0819	9.63101
40.0473	9.56703
41.0261	9.50216
42.0179	9.43642
43.0225	9.36985
44.0393	9.30246
45.068	9.23428
46.1082	9.16535
47.1593	9.09568
48.2209	9.02533
49.2925	8.95431
50.3735	8.88267
51.4634	8.81044
52.5615	8.73766
53.6673	8.66437
54.7801	8.59062
55.8993	8.51645
57.0242	8.4419
58.1541	8.36701
59.2884	8.29184
60.4263	8.21642
61.5672	8.14081
62.7102	8.06506
63.8548	7.98921
65	7.91331
0	13.2147
0.344828	13.2147
0.689655	13.2147
1.03448	13.2147
1.37931	13.2147
1.72414	13.2147
2.06897	13.2147
2.41379	13.2147
2.75862	13.2147
3.10345	13.2147
3.44828	13.2147
3.7931	13.2147
4.13793	13.2147
4.48276	13.2147
4.82759	13.2147
5.17241	13.2147
5.51724	13.2147
5.86207	13.2147
6.2069	13.2147
6.55172	13.2147
6.89655	13.2147
7.24138	13.2147
7.58621	13.2147
7.93103	13.2147
8.27586	13.2147
8.62069	13.2147
8.96552	13.2147
9.31034	13.2147
9.65517	13.2147
10	13.2147
10.3576	13.1924
10.7243	13.1695
11.1002	13.146
11.4856	13.122
11.8808	13.0973
12.2859	13.072
12.7013	13.0461
13.1271	13.0195
13.5637	12.9923
14.0112	12.9643
14.4699	12.9357
14.9401	12.9064
15.4219	12.8763
15.9157	12.8455
16.4217	12.8139
16.9401	12.7815
17.4711	12.7484
18.015	12.7144
18.5719	12.6797
19.1422	12.6441
19.726	12.6077
20.3235	12.5704
20.9349	12.5322
21.5603	12.4932
22.2001	12.4532
22.8543	12.4124
23.5231	12.3707
24.2065	12.328
24.9049	12.2844
25.6181	12.2399
26.3465	12.1944
27.0899	12.148
27.8486	12.1007
28.6224	12.0524
29.4115	12.0031
30.2159	11.9529
31.0355	11.9018
31.8702	11.8497
32.7201	11.7966
33.585	11.7426
34.4649	11.6877
35.3595	11.6319
36.2687	11.5752
37.1923	11.5175
38.1301	11.459
39.0819	11.3996
40.0473	11.3393
41.0261	11.2782
42.0179	11.2163
43.0225	11.1536
44.0393	11.0901
45.068	11.0259
46.1082	10.961
47.1593	10.8954
48.2209	10.8292
49.2925	10.7623
50.3735	10.6948
51.4634	10.6268
52.5615	10.5582
53.6673	10.4892
54.7801	10.4198
55.8993	10.3499
57.0242	10.2797
58.1541	10.2092
59.2884	10.1384
60.4263	10.0674
61.5672	9.99615
62.7102	9.92481
63.8548	9.85337
65	9.78189
0	14.9893
0.344828	14.9893
0.689655	14.9893
1.03448	14.9893
1.37931	14.9893
1.72414	14.9893
2.06897	14.9893
2.41379	14.9893
2.75862	14.9893
3.10345	14.9893
3.44828	14.9893
3.7931	14.9893
4.13793	14.9893
4.48276	14.9893
4.82759	14.9893
5.17241	14.9893
5.51724	14.9893
5.86207	14.9893
6.2069	14.9893
6.55172	14.9893
6.89655	14.9893
7.24138	14.9893
7.58621	14.9893
7.93103	14.9893
8.27586	14.9893
8.62069	14.9893
8.96552	14.9893
9.31034	14.9893
9.65517	14.9893
10	14.9893
10.3576	14.9684
10.7243	14.9471
11.1002	14.9252
11.4856	14.9027
11.8808	14.8797
12.2859	14.8561
12.7013	14.8318
13.1271	14.807
13.5637	14.7816
14.0112	14.7555
14.4699	14.7288
14.9401	14.7014
15.4219	14.6733
15.9157	14.6445
16.4217	14.615
16.9401	14.5848
17.4711	14.5539
18.015	14.5222
18.5719	14.4897
19.1422	14.4565
19.726	14.4224
20.3235	14.3876
20.9349	14.352
21.5603	14.3155
22.2001	14.2783
22.8543	14.2401
23.5231	14.2012
24.2065	14.1613
24.9049	14.1206
25.6181	14.0791
26.3465	14.0366
27.0899	13.9933
27.8486	13.9491
28.6224	13.904
29.4115	13.858
30.2159	13.8111
31.0355	13.7633
31.8702	13.7147
32.7201	13.6652
33.585	13.6147
34.4649	13.5635
35.3595	13.5113
36.2687	13.4583
37.1923	13.4045
38.1301	13.3499
39.0819	13.2944
40.0473	13.2381
41.0261	13.1811
42.0179	13.1233
43.0225	13.0647
44.0393	13.0055
45.068	12.9455
46.1082	12.8849
47.1593	12.8236
48.2209	12.7618
49.2925	12.6993
50.3735	12.6363
51.4634	12.5728
52.5615	12.5088
53.6673	12.4444
54.7801	12.3795
55.8993	12.3143
57.0242	12.2487
58.1541	12.1829
59.2884	12.1168
60.4263	12.0504
61.5672	11.984
62.7102	11.9173
63.8548	11.8506
65	11.7839
0	16.8906
0.344828	16.8906
0.689655	16.8906
1.03448	16.8906
1.37931	16.8906
1.72414	16.8906
2.06897	16.8906
2.41379	16.8906
2.75862	16.8906
3.10345	16.8906
3.44828	16.8906
3.7931	16.8906
4.13793	16.8906
4.48276	16.8906
4.82759	16.8906
5.17241	16.8906
5.51724	16.8906
5.86207	16.8906
6.2069	16.8906
6.55172	16.8906
6.89655	16.8906
7.24138	16.8906
7.58621	16.8906
7.93103	16.8906
8.27586	16.8906
8.62069	16.8906
8.96552	16.8906
9.31034	16.8906
9.65517	16.8906
10	16.8906
10.3576	16.8713
10.7243	16.8515
11.1002	16.8313
11.4856	16.8106
11.8808	16.7893
12.2859	16.7675
12.7013	16.7451
13.1271	16.7222
13.5637	16.6986
14.0112	16.6746
14.4699	16.6498
14.9401	16.6245
15.4219	16.5986
15.9157	16.572
16.4217	16.5447
16.9401	16.5168
17.4711	16.4882
18.015	16.459
18.5719	16.429
19.1422	16.3983
19.726	16.3668
20.3235	16.3346
20.9349	16.3017
21.5603	16.268
22.2001	16.2336
22.8543	16.1984
23.5231	16.1623
24.2065	16.1255
24.9049	16.0879
25.6181	16.0495
26.3465	16.0103
27.0899	15.9703
27.8486	15.9294
28.6224	15.8877
29.4115	15.8453
30.2159	15.8019
31.0355	15.7578
31.8702	15.7129
32.7201	15.6671
33.585	15.6205
34.4649	15.5731
35.3595	15.525
36.2687	15.476
37.1923	15.4263
38.1301	15.3758
39.0819	15.3245
40.0473	15.2725
41.0261	15.2198
42.0179	15.1664
43.0225	15.1123
44.0393	15.0576
45.068	15.0022
46.1082	14.9462
47.1593	14.8896
48.2209	14.8324
49.2925	14.7747
50.3735	14.7165
51.4634	14.6578
52.5615	14.5986
53.6673	14.5391
54.7801	14.4792
55.8993	14.4189
57.0242	14.3583
58.1541	14.2975
59.2884	14.2364
60.4263	14.1751
61.5672	14.1137
62.7102	14.0521
63.8548	13.9905
65	13.9288
0	18.9276
0.344828	18.9276
0.689655	18.9276
1.03448	18.9276
1.37931	18.9276
1.72414	18.9276
2.06897	18.9276
2.41379	18.9276
2.75862	18.9276
3.10345	18.9276
3.44828	18.9276
3.7931	18.9276
4.13793	18.9276
4.48276	18.9276
4.82759	18.9276
5.17241	18.9276
5.51724	18.9276
5.86207	18.9276
6.2069	18.9276
6.55172	18.9276
6.89655	18.9276
7.24138	18.9276
7.58621	18.9276
7.93103	18.9276
8.27586	18.9276
8.62069	18.9276
8.96552	18.9276
9.31034	18.9276
9.65517	18.9276
10	18.9276
10.3576	18.91
10.7243	18.892
11.1002	18.8736
11.4856	18.8546
11.8808	18.8352
12.2859	18.8153
12.7013	18.7949
13.1271	18.774
13.5637	18.7526
14.0112	18.7306
14.4699	18.7081
14.9401	18.685
15.4219	18.6613
15.9157	18.6371
16.4217	18.6123
16.9401	18.5868
17.4711	18.5607
18.015	18.534
18.5719	18.5067
19.1422	18.4787
19.726	18.45
20.3235	18.4207
20.9349	18.3906
21.5603	18.3599
22.2001	18.3285
22.8543	18.2964
23.5231	18.2636
24.2065	18.23
24.9049	18.1957
25.6181	18.1607
26.3465	18.1249
27.0899	18.0884
27.8486	18.0512
28.6224	18.0132
29.4115	17.9744
30.2159	17.9349
31.0355	17.8947
31.8702	17.8537
32.7201	17.812
33.585	17.7695
34.4649	17.7263
35.3595	17.6824
36.2687	17.6377
37.1923	17.5924
38.1301	17.5463
39.0819	17.4996
40.0473	17.4522
41.0261	17.4041
42.0179	17.3554
43.0225	17.3061
44.0393	17.2562
45.068	17.2056
46.1082	17.1546
47.1593	17.103
48.2209	17.0508
49.2925	16.9982
50.3735	16.9451
51.4634	16.8916
52.5615	16.8377
53.6673	16.7834
54.7801	16.7288
55.8993	16.6738
57.0242	16.6186
58.1541	16.5631
59.2884	16.5074
60.4263	16.4515
61.5672	16.3955
62.7102	16.3394
63.8548	16.2832
65	16.2269
0	20.6897
0.344828	20.6897
0.689655	20.6897
1.03448	20.6897
1.37931	20.6897
1.72414	20.6897
2.06897	20.6897
2.41379	20.6897
2.75862	20.6897
3.10345	20.6897
3.44828	20.6897
3.7931	20.6897
4.13793	20.6897
4.48276	20.6897
4.82759	20.6897
5.17241	20.6897
5.51724	20.6897
5.86207	20.6897
6.2069	20.6897
6.55172	20.6897
6.89655	20.6897
7.24138	20.6897
7.58621	20.6897
7.93103	20.6897
8.27586	20.6897
8.62069	20.6897
8.96552	20.6897
9.31034	20.6897
9.65517	20.6897
10	20.6897
10.3576	20.6736
10.7243	20.6571
11.1002	20.6401
11.4856	20.6228
11.8808	20.605
12.2859	20.5868
12.7013	20.5681
13.1271	20.5489
13.5637	20.5293
14.0112	20.5092
14.4699	20.4885
14.9401	20.4674
15.4219	20.4457
15.9157	20.4235
16.4217	20.4007
16.9401	20.3774
17.4711	20.3535
18.015	20.329
18.5719	20.3039
19.1422	20.2783
19.726	20.252
20.3235	20.2251
20.9349	20.1976
21.5603	20.1695
22.2001	20.1407
22.8543	20.1113
23.5231	20.0812
24.2065	20.0504
24.9049	20.019
25.6181	19.9869
26.3465	19.9541
27.0899	19.9207
27.8486	19.8865
28.6224	19.8517
29.4115	19.8162
30.2159	19.78
31.0355	19.7431
31.8702	19.7056
32.7201	19.6673
33.585	19.6284
34.4649	19.5888
35.3595	19.5486
36.2687	19.5077
37.1923	19.4661
38.1301	19.4239
39.0819	19.3811
40.0473	19.3376
41.0261	19.2936
42.0179	19.249
43.0225	19.2038
44.0393	19.158
45.068	19.1117
46.1082	19.0649
47.1593	19.0176
48.2209	18.9698
49.2925	18.9216
50.3735	18.873
51.4634	18.8239
52.5615	18.7745
53.6673	18.7248
54.7801	18.6747
55.8993	18.6243
57.0242	18.5737
58.1541	18.5229
59.2884	18.4718
60.4263	18.4206
61.5672	18.3693
62.7102	18.3179
63.8548	18.2664
65	18.2148
0	22.069
0.344828	22.069
0.689655	22.069
1.03448	22.069
1.37931	22.069
1.72414	22.069
2.06897	22.069
2.41379	22.069
2.75862	22.069
3.10345	22.069
3.44828	22.069
3.7931	22.069
4.13793	22.069
4.48276	22.069
4.82759	22.069
5.17241	22.069
5.51724	22.069
5.86207	22.069
6.2069	22.069
6.55172	22.069
6.89655	22.069
7.24138	22.069
7.58621	22.069
7.93103	22.069
8.27586	22.069
8.62069	22.069
8.96552	22.069
9.31034	22.069
9.65517	22.069
10	22.069
10.3576	22.054
10.7243	22.0387
11.1002	22.023
11.4856	22.0069
11.8808	21.9904
12.2859	21.9735
12.7013	21.9561
13.1271	21.9383
13.5637	21.9201
14.0112	21.9014
14.4699	21.8822
14.9401	21.8626
15.4219	21.8424
15.9157	21.8218
16.4217	21.8006
16.9401	21.779
17.4711	21.7568
18.015	21.7341
18.5719	21.7108
19.1422	21.687
19.726	21.6626
20.3235	21.6376
20.9349	21.6121
21.5603	21.5859
22.2001	21.5592
22.8543	21.5319
23.5231	21.5039
24.2065	21.4754
24.9049	21.4462
25.6181	21.4164
26.3465	21.386
27.0899	21.3549
27.8486	21.3232
28.6224	21.2909
29.4115	21.2579
30.2159	21.2243
31.0355	21.19
31.8702	21.1552
32.7201	21.1197
33.585	21.0835
34.4649	21.0468
35.3595	21.0094
36.2687	20.9714
37.1923	20.9328
38.1301	20.8936
39.0819	20.8539
40.0473	20.8135
41.0261	20.7726
42.0179	20.7312
43.0225	20.6892
44.0393	20.6467
45.068	20.6037
46.1082	20.5603
47.1593	20.5164
48.2209	20.472
49.2925	20.4272
50.3735	20.3821
51.4634	20.3365
52.5615	20.2906
53.6673	20.2444
54.7801	20.1979
55.8993	20.1512
57.0242	20.1042
58.1541	20.057
59.2884	20.0096
60.4263	19.962
61.5672	19.9144
62.7102	19.8666
63.8548	19.8188
65	19.7709
0	23.4483
0.344828	23.4483
0.689655	23.4483
1.03448	23.4483
1.37931	23.4483
1.72414	23.4483
2.06897	23.4483
2.41379	23.4483
2.75862	23.4483
3.10345	23.4483
3.44828	23.4483
3.7931	23.4483
4.13793	23.4483
4.48276	23.4483
4.82759	23.4483
5.17241	23.4483
5.51724	23.4483
5.86207	23.4483
6.2069	23.4483
6.55172	23.4483
6.89655	23.4483
7.24138	23.4483
7.58621	23.4483
7.93103	23.4483
8.27586	23.4483
8.62069	23.4483
8.96552	23.4483
9.31034	23.4483
9.65517	23.4483
10	23.4483
10.3576	23.4345
10.7243	23.4203
11.1002	23.4058
11.4856	23.391
11.8808	23.3757
12.2859	23.3601
12.7013	23.3441
13.1271	23.3277
13.5637	23.3108
14.0112	23.2936
14.4699	23.2759
14.9401	23.2577
15.4219	23.2392
15.9157	23.2201
16.4217	23.2006
16.9401	23.1806
17.4711	23.1601
18.015	23.1392
18.5719	23.1177
19.1422	23.0957
19.726	23.0732
20.3235	23.0501
20.9349	23.0265
21.5603	23.0024
22.2001	22.9777
22.8543	22.9525
23.5231	22.9267
24.2065	22.9004
24.9049	22.8734
25.6181	22.8459
26.3465	22.8178
27.0899	22.7891
27.8486	22.7599
28.6224	22.73
29.4115	22.6996
30.2159	22.6686
31.0355	22.637
31.8702	22.6048
32.7201	22.572
33.585	22.5386
34.4649	22.5047
35.3595	22.4702
36.2687	22.4351
37.1923	22.3995
38.1301	22.3633
39.0819	22.3266
40.0473	22.2894
41.0261	22.2516
42.0179	22.2134
43.0225	22.1746
44.0393	22.1354
45.068	22.0958
46.1082	22.0556
47.1593	22.0151
48.2209	21.9742
49.2925	21.9328
50.3735	21.8911
51.4634	21.8491
52.5615	21.8067
53.6673	21.7641
54.7801	21.7212
55.8993	21.678
57.0242	21.6346
58.1541	21.591
59.2884	21.5473
60.4263	21.5034
61.5672	21.4594
62.7102	21.4153
63.8548	21.3712
65	21.327
0	24.8276
0.344828	24.8276
0.689655	24.8276
1.03448	24.8276
1.37931	24.8276
1.72414	24.8276
2.06897	24.8276
2.41379	24.8276
2.75862	24.8276
3.10345	24.8276
3.44828	24.8276
3.7931	24.8276
4.13793	24.8276
4.48276	24.8276
4.82759	24.8276
5.17241	24.8276
5.51724	24.8276
5.86207	24.8276
6.2069	24.8276
6.55172	24.8276
6.89655	24.8276
7.24138	24.8276
7.58621	24.8276
7.93103	24.8276
8.27586	24.8276
8.62069	24.8276
8.96552	24.8276
9.31034	24.8276
9.65517	24.8276
10	24.8276
10.3576	24.8149
10.7243	24.802
11.1002	24.7887
11.4856	24.7751
11.8808	24.7611
12.2859	24.7468
12.7013	24.7321
13.1271	24.717
13.5637	24.7016
14.0112	24.6858
14.4699	24.6696
14.9401	24.6529
15.4219	24.6359
15.9157	24.6184
16.4217	24.6005
16.9401	24.5822
17.4711	24.5634
18.015	24.5442
18.5719	24.5245
19.1422	24.5044
19.726	24.4837
20.3235	24.4626
20.9349	24.441
21.5603	24.4189
22.2001	24.3963
22.8543	24.3731
23.5231	24.3495
24.2065	24.3253
24.9049	24.3006
25.6181	24.2754
26.3465	24.2497
27.0899	24.2234
27.8486	24.1966
28.6224	24.1692
29.4115	24.1413
30.2159	24.1129
31.0355	24.0839
31.8702	24.0544
32.7201	24.0243
33.585	23.9937
34.4649	23.9626
35.3595	23.931
36.2687	23.8989
37.1923	23.8662
38.1301	23.8331
39.0819	23.7994
40.0473	23.7653
41.0261	23.7307
42.0179	23.6956
43.0225	23.6601
44.0393	23.6241
45.068	23.5878
46.1082	23.551
47.1593	23.5138
48.2209	23.4763
49.2925	23.4384
50.3735	23.4002
51.4634	23.3617
52.5615	23.3228
53.6673	23.2838
54.7801	23.2444
55.8993	23.2048
57.0242	23.1651
58.1541	23.1251
59.2884	23.085
60.4263	23.0448
61.5672	23.0045
62.7102	22.964
63.8548	22.9236
65	22.8831
0	26.2069
0.344828	26.2069
0.689655	26.2069
1.03448	26.2069
1.37931	26.2069
1.72414	26.2069
2.06897	26.2069
2.41379	26.2069
2.75862	26.2069
3.10345	26.2069
3.44828	26.2069
3.7931	26.2069
4.13793	26.2069
4.48276	26.2069
4.82759	26.2069
5.17241	26.2069
5.51724	26.2069
5.86207	26.2069
6.2069	26.2069
6.55172	26.2069
6.89655	26.2069
7.24138	26.2069
7.58621	26.2069
7.93103	26.2069
8.27586	26.2069
8.62069	26.2069
8.96552	26.2069
9.31034	26.2069
9.65517	26.2069
10	26.2069
10.3576	26.1954
10.7243	26.1836
11.1002	26.1715
11.4856	26.1591
11.8808	26.1464
12.2859	26.1334
12.7013	26.1201
13.1271	26.1064
13.5637	26.0924
14.0112	26.078
14.4699	26.0632
14.9401	26.0481
15.4219	26.0326
15.9157	26.0168
16.4217	26.0005
16.9401	25.9838
17.4711	25.9668
18.015	25.9493
18.5719	25.9314
19.1422	25.9131
19.726	25.8943
20.3235	25.8751
20.9349	25.8554
21.5603	25.8353
22.2001	25.8148
22.8543	25.7938
23.5231	25.7723
24.2065	25.7503
24.9049	25.7278
25.6181	25.7049
26.3465	25.6815
27.0899	25.6576
27.8486	25.6332
28.6224	25.6084
29.4115	25.583
30.2159	25.5571
31.0355	25.5308
31.8702	25.504
32.7201	25.4767
33.585	25.4489
34.4649	25.4206
35.3595	25.3918
36.2687	25.3626
37.1923	25.3329
38.1301	25.3028
39.0819	25.2722
40.0473	25.2412
41.0261	25.2097
42.0179	25.1778
43.0225	25.1455
44.0393	25.1129
45.068	25.0798
46.1082	25.0464
47.1593	25.0126
48.2209	24.9785
49.2925	24.944
50.3735	24.9093
51.4634	24.8742
52.5615	24.839
53.6673	24.8034
54.7801	24.7676
55.8993	24.7317
57.0242	24.6955
58.1541	24.6592
59.2884	24.6227
60.4263	24.5862
61.5672	24.5495
62.7102	24.5128
63.8548	24.476
65	24.4392
0	27.5862
0.344828	27.5862
0.689655	27.5862
1.03448	27.5862
1.37931	27.5862
1.72414	27.5862
2.06897	27.5862
2.41379	27.5862
2.75862	27.5862
3.10345	27.5862
3.44828	27.5862
3.7931	27.5862
4.13793	27.5862
4.48276	27.5862
4.82759	27.5862
5.17241	27.5862
5.51724	27.5862
5.86207	27.5862
6.2069	27.5862
6.55172	27.5862
6.89655	27.5862
7.24138	27.5862
7.58621	27.5862
7.93103	27.5862
8.27586	27.5862
8.62069	27.5862
8.96552	27.5862
9.31034	27.5862
9.65517	27.5862
10	27.5862
10.3576	27.5759
10.7243	27.5653
11.1002	27.5544
11.4856	27.5432
11.8808	27.5318
12.2859	27.5201
12.7013	27.5081
13.1271	27.4958
13.5637	27.4831
14.0112	27.4702
14.4699	27.4569
14.9401	27.4433
15.4219	27.4294
15.9157	27.4151
16.4217	27.4004
16.9401	27.3855
17.4711	27.3701
18.015	27.3544
18.5719	27.3383
19.1422	27.3218
19.726	27.3049
20.3235	27.2876
20.9349	27.2699
21.5603	27.2518
22.2001	27.2333
22.8543	27.2144
23.5231	27.195
24.2065	27.1753
24.9049	27.1551
25.6181	27.1344
26.3465	27.1134
27.0899	27.0919
27.8486	27.0699
28.6224	27.0475
29.4115	27.0247
30.2159	27.0014
31.0355	26.9777
31.8702	26.9536
32.7201	26.929
33.585	26.904
34.4649	26.8785
35.3595	26.8526
36.2687	26.8263
37.1923	26.7996
38.1301	26.7725
39.0819	26.745
40.0473	26.717
41.0261	26.6887
42.0179	26.66
43.0225	26.631
44.0393	26.6016
45.068	26.5718
46.1082	26.5417
47.1593	26.5113
48.2209	26.4806
49.2925	26.4496
50.3735	26.4183
51.4634	26.3868
52.5615	26.3551
53.6673	26.3231
54.7801	26.2909
55.8993	26.2585
57.0242	26.226
58.1541	26.1933
59.2884	26.1605
60.4263	26.1276
61.5672	26.0946
62.7102	26.0615
63.8548	26.0284
65	25.9953
0	28.9655
0.344828	28.9655
0.689655	28.9655
1.03448	28.9655
1.37931	28.9655
1.72414	28.9655
2.06897	28.9655
2.41379	28.9655
2.75862	28.9655
3.10345	28.9655
3.44828	28.9655
3.7931	28.9655
4.13793	28.9655
4.48276	28.9655
4.82759	28.9655
5.17241	28.9655
5.51724	28.9655
5.86207	28.9655
6.2069	28.9655
6.55172	28.9655
6.89655	28.9655
7.24138	28.9655
7.58621	28.9655
7.93103	28.9655
8.27586	28.9655
8.62069	28.9655
8.96552	28.9655
9.31034	28.9655
9.65517	28.9655
10	28.9655
10.3576	28.9563
10.7243	28.9469
11.1002	28.9372
11.4856	28.9273
11.8808	28.9172
12.2859	28.9067
12.7013	28.8961
13.1271	28.8851
13.5637	28.8739
14.0112	28.8624
14.4699	28.8506
14.9401	28.8385
15.4219	28.8261
15.9157	28.8134
16.4217	28.8004
16.9401	28.7871
17.4711	28.7734
18.015	28.7594
18.5719	28.7451
19.1422	28.7304
19.726	28.7154
20.3235	28.7001
20.9349	28.6844
21.5603	28.6683
22.2001	28.6518
22.8543	28.635
23.5231	28.6178
24.2065	28.6002
24.9049	28.5823
25.6181	28.5639
26.3465	28.5452
27.0899	28.5261
27.8486	28.5066
28.6224	28.4867
29.4115	28.4664
30.2159	28.4457
31.0355	28.4246
31.8702	28.4032
32.7201	28.3813
33.585	28.3591
34.4649	28.3365
35.3595	28.3135
36.2687	28.2901
37.1923	28.2663
38.1301	28.2422
39.0819	28.2178
40.0473	28.1929
41.0261	28.1678
42.0179	28.1423
43.0225	28.1164
44.0393	28.0903
45.068	28.0638
46.1082	28.0371
47.1593	28.0101
48.2209	27.9828
49.2925	27.9552
50.3735	27.9274
51.4634	27.8994
52.5615	27.8712
53.6673	27.8427
54.7801	27.8141
55.8993	27.7853
57.0242	27.7564
58.1541	27.7274
59.2884	27.6982
60.4263	27.6689
61.5672	27.6396
62.7102	27.6102
63.8548	27.5808
65	27.5513
0	30.3448
0.344828	30.3448
0.689655	30.3448
1.03448	30.3448
1.37931	30.3448
1.72414	30.3448
2.06897	30.3448
2.41379	30.3448
2.75862	30.3448
3.10345	30.3448
3.44828	30.3448
3.7931	30.3448
4.13793	30.3448
4.48276	30.3448
4.82759	30.3448
5.17241	30.3448
5.51724	30.3448
5.86207	30.3448
6.2069	30.3448
6.55172	30.3448
6.89655	30.3448
7.24138	30.3448
7.58621	30.3448
7.93103	30.3448
8.27586	30.3448
8.62069	30.3448
8.96552	30.3448
9.31034	30.3448
9.65517	30.3448
10	30.3448
10.3576	30.3368
10.7243	30.3285
11.1002	30.3201
11.4856	30.3114
11.8808	30.3025
12.2859	30.2934
12.7013	30.2841
13.1271	30.2745
13.5637	30.2647
14.0112	30.2546
14.4699	30.2443
14.9401	30.2337
15.4219	30.2228
15.9157	30.2117
16.4217	30.2003
16.9401	30.1887
17.4711	30.1767
18.015	30.1645
18.5719	30.152
19.1422	30.1391
19.726	30.126
20.3235	30.1126
20.9349	30.0988
21.5603	30.0847
22.2001	30.0703
22.8543	30.0556
23.5231	30.0406
24.2065	30.0252
24.9049	30.0095
25.6181	29.9934
26.3465	29.9771
27.0899	29.9603
27.8486	29.9433
28.6224	29.9259
29.4115	29.9081
30.2159	29.89
31.0355	29.8716
31.8702	29.8528
32.7201	29.8337
33.585	29.8142
34.4649	29.7944
35.3595	29.7743
36.2687	29.7538
37.1923	29.733
38.1301	29.7119
39.0819	29.6905
40.0473	29.6688
41.0261	29.6468
42.0179	29.6245
43.0225	29.6019
44.0393	29.579
45.068	29.5559
46.1082	29.5325
47.1593	29.5088
48.2209	29.4849
49.2925	29.4608
50.3735	29.4365
51.4634	29.412
52.5615	29.3873
53.6673	29.3624
54.7801	29.3374
55.8993	29.3122
57.0242	29.2869
58.1541	29.2614
59.2884	29.2359
60.4263	29.2103
61.5672	29.1847
62.7102	29.1589
63.8548	29.1332
65	29.1074
0	31.7241
0.344828	31.7241
0.689655	31.7241
1.03448	31.7241
1.37931	31.7241
1.72414	31.7241
2.06897	31.7241
2.41379	31.7241
2.75862	31.7241
3.10345	31.7241
3.44828	31.7241
3.7931	31.7241
4.13793	31.7241
4.48276	31.7241
4.82759	31.7241
5.17241	31.7241
5.51724	31.7241
5.86207	31.7241
6.2069	31.7241
6.55172	31.7241
6.89655	31.7241
7.24138	31.7241
7.58621	31.7241
7.93103	31.7241
8.27586	31.7241
8.62069	31.7241
8.96552	31.7241
9.31034	31.7241
9.65517	31.7241
10	31.7241
10.3576	31.7172
10.7243	31.7102
11.1002	31.7029
11.4856	31.6955
11.8808	31.6879
12.2859	31.6801
12.7013	31.672
13.1271	31.6638
13.5637	31.6554
14.0112	31.6468
14.4699	31.6379
14.9401	31.6289
15.4219	31.6196
15.9157	31.6101
16.4217	31.6003
16.9401	31.5903
17.4711	31.5801
18.015	31.5696
18.5719	31.5588
19.1422	31.5478
19.726	31.5366
20.3235	31.5251
20.9349	31.5133
21.5603	31.5012
22.2001	31.4889
22.8543	31.4763
23.5231	31.4634
24.2065	31.4502
24.9049	31.4367
25.6181	31.423
26.3465	31.4089
27.0899	31.3946
27.8486	31.3799
28.6224	31.365
29.4115	31.3498
30.2159	31.3343
31.0355	31.3185
31.8702	31.3024
32.7201	31.286
33.585	31.2693
34.4649	31.2524
35.3595	31.2351
36.2687	31.2176
37.1923	31.1998
38.1301	31.1817
39.0819	31.1633
40.0473	31.1447
41.0261	31.1258
42.0179	31.1067
43.0225	31.0873
44.0393	31.0677
45.068	31.0479
46.1082	31.0278
47.1593	31.0075
48.2209	30.9871
49.2925	30.9664
50.3735	30.9456
51.4634	30.9245
52.5615	30.9034
53.6673	30.882
54.7801	30.8606
55.8993	30.839
57.0242	30.8173
58.1541	30.7955
59.2884	30.7736
60.4263	30.7517
61.5672	30.7297
62.7102	30.7077
63.8548	30.6856
65	30.6635
0	33.1034
0.344828	33.1034
0.689655	33.1034
1.03448	33.1034
1.37931	33.1034
1.72414	33.1034
2.06897	33.1034
2.41379	33.1034
2.75862	33.1034
3.10345	33.1034
3.44828	33.1034
3.7931	33.1034
4.13793	33.1034
4.48276	33.1034
4.82759	33.1034
5.17241	33.1034
5.51724	33.1034
5.86207	33.1034
6.2069	33.1034
6.55172	33.1034
6.89655	33.1034
7.24138	33.1034
7.58621	33.1034
7.93103	33.1034
8.27586	33.1034
8.62069	33.1034
8.96552	33.1034
9.31034	33.1034
9.65517	33.1034
10	33.1034
10.3576	33.0977
10.7243	33.0918
11.1002	33.0858
11.4856	33.0796
11.8808	33.0732
12.2859	33.0667
12.7013	33.06
13.1271	33.0532
13.5637	33.0462
14.0112	33.039
14.4699	33.0316
14.9401	33.0241
15.4219	33.0163
15.9157	33.0084
16.4217	33.0002
16.9401	32.9919
17.4711	32.9834
18.015	32.9746
18.5719	32.9657
19.1422	32.9565
19.726	32.9471
20.3235	32.9375
20.9349	32.9277
21.5603	32.9177
22.2001	32.9074
22.8543	32.8969
23.5231	32.8861
24.2065	32.8751
24.9049	32.8639
25.6181	32.8525
26.3465	32.8408
27.0899	32.8288
27.8486	32.8166
28.6224	32.8042
29.4115	32.7915
30.2159	32.7786
31.0355	32.7654
31.8702	32.752
32.7201	32.7383
33.585	32.7244
34.4649	32.7103
35.3595	32.6959
36.2687	32.6813
37.1923	32.6665
38.1301	32.6514
39.0819	32.6361
40.0473	32.6206
41.0261	32.6049
42.0179	32.5889
43.0225	32.5728
44.0393	32.5564
45.068	32.5399
46.1082	32.5232
47.1593	32.5063
48.2209	32.4892
49.2925	32.472
50.3735	32.4546
51.4634	32.4371
52.5615	32.4195
53.6673	32.4017
54.7801	32.3838
55.8993	32.3658
57.0242	32.3478
58.1541	32.3296
59.2884	32.3114
60.4263	32.2931
61.5672	32.2748
62.7102	32.2564
63.8548	32.238
65	32.2196
0	34.4828
0.344828	34.4828
0.689655	34.4828
1.03448	34.4828
1.37931	34.4828
1.72414	34.4828
2.06897	34.4828
2.41379	34.4828
2.75862	34.4828
3.10345	34.4828
3.44828	34.4828
3.7931	34.4828
4.13793	34.4828
4.48276	34.4828
4.82759	34.4828
5.17241	34.4828
5.51724	34.4828
5.86207	34.4828
6.2069	34.4828
6.55172	34.4828
6.89655	34.4828
7.24138	34.4828
7.58621	34.4828
7.93103	34.4828
8.27586	34.4828
8.62069	34.4828
8.96552	34.4828
9.31034	34.4828
9.65517	34.4828
10	34.4828
10.3576	34.4782
10.7243	34.4734
11.1002	34.4686
11.4856	34.4637
11.8808	34.4586
12.2859	34.4534
12.7013	34.448
13.1271	34.4426
13.5637	34.4369
14.0112	34.4312
14.4699	34.4253
14.9401	34.4192
15.4219	34.4131
15.9157	34.4067
16.4217	34.4002
16.9401	34.3935
17.4711	34.3867
18.015	34.3797
18.5719	34.3726
19.1422	34.3652
19.726	34.3577
20.3235	34.35
20.9349	34.3422
21.5603	34.3341
22.2001	34.3259
22.8543	34.3175
23.5231	34.3089
24.2065	34.3001
24.9049	34.2911
25.6181	34.282
26.3465	34.2726
27.0899	34.263
27.8486	34.2533
28.6224	34.2433
29.4115	34.2332
30.2159	34.2229
31.0355	34.2123
31.8702	34.2016
32.7201	34.1907
33.585	34.1795
34.4649	34.1682
35.3595	34.1567
36.2687	34.145
37.1923	34.1332
38.1301	34.1211
39.0819	34.1089
40.0473	34.0965
41.0261	34.0839
42.0179	34.0711
43.0225	34.0582
44.0393	34.0451
45.068	34.0319
46.1082	34.0185
47.1593	34.005
48.2209	33.9914
49.2925	33.9776
50.3735	33.9637
51.4634	33.9497
52.5615	33.9356
53.6673	33.9214
54.7801	33.9071
55.8993	33.8927
57.0242	33.8782
58.1541	33.8637
59.2884	33.8491
60.4263	33.8345
61.5672	33.8198
62.7102	33.8051
63.8548	33.7904
65	33.7757
0	35.8621
0.344828	35.8621
0.689655	35.8621
1.03448	35.8621
1.37931	35.8621
1.72414	35.8621
2.06897	35.8621
2.41379	35.8621
2.75862	35.8621
3.10345	35.8621
3.44828	35.8621
3.7931	35.8621
4.13793	35.8621
4.48276	35.8621
4.82759	35.8621
5.17241	35.8621
5.51724	35.8621
5.86207	35.8621
6.2069	35.8621
6.55172	35.8621
6.89655	35.8621
7.24138	35.8621
7.58621	35.8621
7.93103	35.8621
8.27586	35.8621
8.62069	35.8621
8.96552	35.8621
9.31034	35.8621
9.65517	35.8621
10	35.8621
10.3576	35.8586
10.7243	35.8551
11.1002	35.8515
11.4856	35.8477
11.8808	35.8439
12.2859	35.84
12.7013	35.836
13.1271	35.8319
13.5637	35.8277
14.0112	35.8234
14.4699	35.819
14.9401	35.8144
15.4219	35.8098
15.9157	35.805
16.4217	35.8001
16.9401	35.7952
17.4711	35.79
18.015	35.7848
18.5719	35.7794
19.1422	35.7739
19.726	35.7683
20.3235	35.7625
20.9349	35.7566
21.5603	35.7506
22.2001	35.7444
22.8543	35.7381
23.5231	35.7317
24.2065	35.7251
24.9049	35.7184
25.6181	35.7115
26.3465	35.7045
27.0899	35.6973
27.8486	35.69
28.6224	35.6825
29.4115	35.6749
30.2159	35.6671
31.0355	35.6592
31.8702	35.6512
32.7201	35.643
33.585	35.6347
34.4649	35.6262
35.3595	35.6175
36.2687	35.6088
37.1923	35.5999
38.1301	35.5908
39.0819	35.5817
40.0473	35.5723
41.0261	35.5629
42.0179	35.5533
43.0225	35.5437
44.0393	35.5339
45.068	35.5239
46.1082	35.5139
47.1593	35.5038
48.2209	35.4935
49.2925	35.4832
50.3735	35.4728
51.4634	35.4623
52.5615	35.4517
53.6673	35.441
54.7801	35.4303
55.8993	35.4195
57.0242	35.4087
58.1541	35.3978
59.2884	35.3868
60.4263	35.3759
61.5672	35.3649
62.7102	35.3538
63.8548	35.3428
65	35.3318
0	37.2414
0.344828	37.2414
0.689655	37.2414
1.03448	37.2414
1.37931	37.2414
1.72414	37.2414
2.06897	37.2414
2.41379	37.2414
2.75862	37.2414
3.10345	37.2414
3.44828	37.2414
3.7931	37.2414
4.13793	37.2414
4.48276	37.2414
4.82759	37.2414
5.17241	37.2414
5.51724	37.2414
5.86207	37.2414
6.2069	37.2414
6.55172	37.2414
6.89655	37.2414
7.24138	37.2414
7.58621	37.2414
7.93103	37.2414
8.27586	37.2414
8.62069	37.2414
8.96552	37.2414
9.31034	37.2414
9.65517	37.2414
10	37.2414
10.3576	37.2391
10.7243	37.2367
11.1002	37.2343
11.4856	37.2318
11.8808	37.2293
12.2859	37.2267
12.7013	37.224
13.1271	37.2213
13.5637	37.2185
14.0112	37.2156
14.4699	37.2126
14.9401	37.2096
15.4219	37.2065
15.9157	37.2034
16.4217	37.2001
16.9401	37.1968
17.4711	37.1934
18.015	37.1899
18.5719	37.1863
19.1422	37.1826
19.726	37.1789
20.3235	37.175
20.9349	37.1711
21.5603	37.1671
22.2001	37.163
22.8543	37.1588
23.5231	37.1545
24.2065	37.1501
24.9049	37.1456
25.6181	37.141
26.3465	37.1363
27.0899	37.1315
27.8486	37.1266
28.6224	37.1217
29.4115	37.1166
30.2159	37.1114
31.0355	37.1062
31.8702	37.1008
32.7201	37.0953
33.585	37.0898
34.4649	37.0841
35.3595	37.0784
36.2687	37.0725
37.1923	37.0666
38.1301	37.0606
39.0819	37.0544
40.0473	37.0482
41.0261	37.0419
42.0179	37.0356
43.0225	37.0291
44.0393	37.0226
45.068	37.016
46.1082	37.0093
47.1593	37.0025
48.2209	36.9957
49.2925	36.9888
50.3735	36.9819
51.4634	36.9748
52.5615	36.9678
53.6673	36.9607
54.7801	36.9535
55.8993	36.9463
57.0242	36.9391
58.1541	36.9318
59.2884	36.9245
60.4263	36.9172
61.5672	36.9099
62.7102	36.9026
63.8548	36.8952
65	36.8878
0	38.6207
0.344828	38.6207
0.689655	38.6207
1.03448	38.6207
1.37931	38.6207
1.72414	38.6207
2.06897	38.6207
2.41379	38.6207
2.75862	38.6207
3.10345	38.6207
3.44828	38.6207
3.7931	38.6207
4.13793	38.6207
4.48276	38.6207
4.82759	38.6207
5.17241	38.6207
5.51724	38.6207
5.86207	38.6207
6.2069	38.6207
6.55172	38.6207
6.89655	38.6207
7.24138	38.6207
7.58621	38.6207
7.93103	38.6207
8.27586	38.6207
8.62069	38.6207
8.96552	38.6207
9.31034	38.6207
9.65517	38.6207
10	38.6207
10.3576	38.6195
10.7243	38.6184
11.1002	38.6172
11.4856	38.6159
11.8808	38.6146
12.2859	38.6133
12.7013	38.612
13.1271	38.6106
13.5637	38.6092
14.0112	38.6078
14.4699	38.6063
14.9401	38.6048
15.4219	38.6033
15.9157	38.6017
16.4217	38.6
16.9401	38.5984
17.4711	38.5967
18.015	38.5949
18.5719	38.5931
19.1422	38.5913
19.726	38.5894
20.3235	38.5875
20.9349	38.5855
21.5603	38.5835
22.2001	38.5815
22.8543	38.5794
23.5231	38.5772
24.2065	38.575
24.9049	38.5728
25.6181	38.5705
26.3465	38.5682
27.0899	38.5658
27.8486	38.5633
28.6224	38.5608
29.4115	38.5583
30.2159	38.5557
31.0355	38.5531
31.8702	38.5504
32.7201	38.5477
33.585	38.5449
34.4649	38.5421
35.3595	38.5392
36.2687	38.5363
37.1923	38.5333
38.1301	38.5303
39.0819	38.5272
40.0473	38.5241
41.0261	38.521
42.0179	38.5178
43.0225	38.5146
44.0393	38.5113
45.068	38.508
46.1082	38.5046
47.1593	38.5013
48.2209	38.4978
49.2925	38.4944
50.3735	38.4909
51.4634	38.4874
52.5615	38.4839
53.6673	38.4803
54.7801	38.4768
55.8993	38.4732
57.0242	38.4696
58.1541	38.4659
59.2884	38.4623
60.4263	38.4586
61.5672	38.455
62.7102	38.4513
63.8548	38.4476
65	38.4439
0	40
0.344828	40
0.689655	40
1.03448	40
1.37931	40
1.72414	40
2.06897	40
2.41379	40
2.75862	40
3.10345	40
3.44828	40
3.7931	40
4.13793	40
4.48276	40
4.82759	40
5.17241	40
5.51724	40
5.86207	40
6.2069	40
6.55172	40
6.89655	40
7.24138	40
7.58621	40
7.93103	40
8.27586	40
8.62069	40
8.96552	40
9.31034	40
9.65517	40
10	40
10.3576	40
10.7243	40
11.1002	40
11.4856	40
11.8808	40
12.2859	40
12.7013	40
13.1271	40
13.5637	40
14.0112	40
14.4699	40
14.9401	40
15.4219	40
15.9157	40
16.4217	40
16.9401	40
17.4711	40
18.015	40
18.5719	40
19.1422	40
19.726	40
20.3235	40
20.9349	40
21.5603	40
22.2001	40
22.8543	40
23.5231	40
24.2065	40
24.9049	40
25.6181	40
26.3465	40
27.0899	40
27.8486	40
28.6224	40
29.4115	40
30.2159	40
31.0355	40
31.8702	40
32.7201	40
33.585	40
34.4649	40
35.3595	40
36.2687	40
37.1923	40
38.1301	40
39.0819	40
40.0473	40
41.0261	40
42.0179	40
43.0225	40
44.0393	40
45.068	40
46.1082	40
47.1593	40
48.2209	40
49.2925	40
50.3735	40
51.4634	40
52.5615	40
53.6673	40
54.7801	40
55.8993	40
57.0242	40
58.1541	40
59.2884	40
60.4263	40
61.5672	40
62.7102	40
63.8548	40
65	40
